  1.57220e+06      819161.      499858.      433477.      383782.      269330.
      216885.
     0.261297     0.651801     0.314208
     0.339171     0.482964     0.812501
     0.211659     0.355567     0.740333
     0.337957     0.783858     0.639708
     0.312724     0.327482     0.944443
     0.531917     0.284523     0.979245
     0.446201     0.722358     0.823724
     -22.5479     -70.4597     -44.3004     -42.4447     -91.0350     -136.612
     -73.9429
      10.6343      43.8627      38.9249      11.0410      73.7810      88.2798
      13.0313
     -22.7968     -69.6034     -43.7198     -43.2404     -89.1068     -132.538
     -75.2768
