  2.75764e+06  1.31964e+06      886835.      809656.      705126.      647710.
      647764.
     0.286416     0.642918     0.472785
     0.456712     0.606815     0.932400
     0.375438     0.798705     0.801728
     0.325375     0.430317     0.914040
     0.437827     0.722938     0.900296
     0.580974     0.392648     0.978153
     0.219604     0.389134     0.712547
     -31.5470     -90.3736     -59.4904     -78.5309     -81.5152     -113.647
     -39.4338
      14.5464      29.1769      13.6307      49.4265      17.5643      55.8632
      28.1557
     -31.6778     -89.5453     -57.7680     -76.9158     -76.4600     -116.166
     -35.8830
